100 39
150 85
200 22
250 37
300 41
350 45
400 49
450 54
500 62
550 69
600 74
650 79
700 90
750 92
800 97
850 104
900 109
950 113
1000 124
1050 130
1100 136
1150 142
1200 148
1250 153
1300 158
1350 166
1400 172
1450 178
1500 185
1550 193
1600 200
1650 206
1700 219
1750 215
1800 241
1850 231
1900 237
1950 264
2000 252
2050 258
2100 266
2150 273
2200 281
2250 284
2300 302
2350 295
2400 302
2450 309
2500 313
2550 319
2600 325
2650 333
2700 341
2750 352
2800 356
2850 362
2900 368
2950 375
3000 383
3050 388
3100 398
3150 405
3200 410
3250 417
3300 425
3350 429
3400 435
3450 440
3500 465
3550 453
3600 461
3650 469
3700 481
3750 485
3800 494
3850 502
3900 508
3950 516
