100 326
150 667
200 1160
250 703
300 990
350 1351
400 1759
450 2222
500 2753
550 3340
600 3930
650 4597
700 5360
750 6119
800 6994
850 7813
900 8964
950 9865
1000 10792
1050 12017
1100 13341
1150 14379
1200 15745
1250 17035
1300 18435
1350 19891
1400 21478
1450 22834
1500 24290
1550 26346
1600 27957
1650 29625
1700 31406
1750 33541
1800 35350
1850 37251
1900 39286
1950 41482
2000 43465
2050 45410
2100 47589
2150 50570
2200 52323
2250 55201
2300 57329
2350 60288
2400 62702
2450 65673
2500 67869
2550 71002
2600 73808
2650 76263
2700 79362
2750 82552
2800 85553
2850 88573
2900 91165
2950 94878
3000 98086
3050 100945
3100 104646
3150 108299
3200 111241
3250 114766
3300 118718
3350 121828
3400 126034
3450 129495
3500 133747
3550 136504
3600 140390
3650 144675
3700 148724
3750 152051
3800 157788
3850 159315
3900 165284
3950 170279
